0.077,-0.0341,0.1013,-0.0111,-0.0915,-0.0407,-0.0345,0.1116
-0.0341,0.0666,0.0073,0.0033,0.1628,0.0696,0.0445,-0.0594
0.1013,0.0073,0.1865,-0.0163,0.0036,-0.0013,-0.0158,0.1369
-0.0111,0.0033,-0.0163,0.0017,0.0093,0.0042,0.004,-0.0158
-0.0915,0.1628,0.0036,0.0093,0.3994,0.1709,0.1105,-0.1562
-0.0407,0.0696,-0.0013,0.0042,0.1709,0.0732,0.0475,-0.069
-0.0345,0.0445,-0.0158,0.004,0.1105,0.0475,0.0321,-0.0557
0.1116,-0.0594,0.1369,-0.0158,-0.1562,-0.069,-0.0557,0.1637
